0.8383166666666667
0.9585333333333333
0.9514333333333334
0.9396166666666667
0.9202666666666667
0.9044333333333333
0.8925166666666666
0.8907833333333334
0.88695
0.8794166666666666
0.8747833333333334
0.87105
0.873
0.8634333333333334
0.8616166666666667
0.8578666666666667
0.8527666666666667
0.8520333333333333
0.8438333333333333
0.8426666666666667
0.8384166666666667
0.8401833333333333
0.8385666666666667
0.8384833333333334
0.8342
0.8348833333333333
0.82985
0.8276166666666667
0.8240833333333333
0.8273333333333334
0.82545
0.8231666666666667
0.8221166666666667
0.8252
0.8220666666666666
0.8193166666666667
0.8176666666666667
0.8185833333333333
0.8180333333333333
0.8180166666666666
0.81815
0.81885
0.81685
0.8145333333333333
0.8145
0.8146833333333333
0.8149666666666666
0.8144833333333333
0.8146666666666667
0.8155666666666667
0.8133833333333333
0.8136333333333333
0.8122666666666667
0.8121666666666667
0.8125166666666667
0.8132666666666667
0.8122166666666667
0.8117333333333333
0.8147
0.8126833333333333
0.8079833333333334
0.81365
0.8122833333333334
0.8114666666666667
0.81125
0.8102
0.81145
0.8108
0.8089666666666666
0.80885
0.8087333333333333
0.8098666666666666
0.81095
0.8091833333333334
0.80935
0.8084166666666667
0.80765
0.8120333333333334
0.8088833333333333
0.81075
0.8091
0.8112
0.8072333333333334
0.8115
0.8070333333333334
0.8097166666666666
0.8109666666666666
0.8069833333333334
0.81
0.8084
0.8079666666666667
0.8079666666666667
0.8125166666666667
0.8073666666666667
0.8096833333333333
0.8108833333333333
0.81075
0.81175
0.8127
0.8082333333333334
0.8100833333333334
0.8111
0.8118666666666666
0.8100166666666667
0.8105166666666667
0.8114333333333333
0.8112166666666667
0.8093833333333333
0.80955
0.8125666666666667
0.8109333333333333
0.8091
0.8131
0.8138166666666666
0.8112666666666667
0.81215
0.8118166666666666
0.8077833333333333
0.8145833333333333
0.8129166666666666
0.8142833333333334
0.8126333333333333
0.8145666666666667
0.8133833333333333
0.8157
0.8108166666666666
0.8145833333333333
0.8124166666666667
0.8131666666666667
0.8131833333333334
0.8136333333333333
0.8153833333333333
0.8138166666666666
0.8127833333333333
0.8155833333333333
0.81205
0.814
0.8114
0.8159333333333333
0.81505
0.8144833333333333
0.8139666666666666
0.8144666666666667
0.8132333333333334
0.8126666666666666
0.8115166666666667
0.8159
0.81885
0.8162666666666667
0.8128666666666666
0.8113333333333334
0.8142
0.81445
0.8124833333333333
0.8111833333333334
0.8132333333333334
0.81275
0.8145
0.8118333333333333
0.8128666666666666
0.8118333333333333
0.8151166666666667
0.8125333333333333
0.8155
0.8147
0.8154833333333333
0.8137333333333333
0.8153166666666667
0.81755
0.81525
0.8158833333333333
0.8156
0.8150666666666667
0.81545
0.8168833333333333
0.8167
0.8158333333333333
0.81695
0.8170833333333334
0.81465
0.81655
0.81575
0.8138
0.8169333333333333
0.8151
0.8171333333333334
0.8172
0.81805
0.8163
0.8179833333333333
0.8175833333333333
0.8168166666666666
0.8169166666666666
0.8171
0.8176
0.8167
0.8195333333333333
0.8195833333333333
0.8179333333333333
0.8174333333333333
0.8150833333333334
0.8180166666666666
0.81855
0.818
0.8171166666666667
0.8179333333333333
0.8172833333333334
0.81425
0.81435
0.8162666666666667
0.8172833333333334
0.8171833333333334
0.8175
0.8158166666666666
0.8162
0.8148833333333333
0.8157166666666666
0.8138166666666666
0.8151833333333334
0.81765
0.8192333333333334
0.8190666666666667
0.8148166666666666
0.8165833333333333
0.8189333333333333
0.8152666666666667
0.8147666666666666
0.8179
0.8154666666666667
0.8181
0.8181833333333334
0.8156
0.81545
0.8178666666666666
0.8172833333333334
0.8152
0.8162333333333334
0.8173
0.8208333333333333
0.8182333333333334
0.8164166666666667
0.8176166666666667
0.8185333333333333
0.8176
0.8169
0.8156333333333333
0.8198166666666666
0.8183
0.8216333333333333
0.8186166666666667
0.8191166666666667
0.82235
0.8216666666666667
0.8175833333333333
0.8157166666666666
0.8184666666666667
0.8178
0.8167
0.8158166666666666
0.8181666666666667
0.8169
0.8191833333333334
0.8189666666666666
0.8181333333333334
0.81895
0.8192166666666667
0.8191166666666667
0.8195
0.8190166666666666
0.819
0.8178333333333333
0.8167666666666666
0.8193666666666667
0.8146333333333333
0.8192666666666667
0.82105
0.8184833333333333
0.81755
0.81855
0.8193
0.8185666666666667
0.8168333333333333
0.8198333333333333
0.8182
0.8162166666666667
0.8186166666666667
0.82055
0.81685
0.8178166666666666
0.81815
0.8179833333333333
0.8171
0.81695
0.8176333333333333
0.8192166666666667
0.8157666666666666
0.81925
0.8186666666666667
0.8198166666666666
0.8189833333333333
0.8172166666666667
0.8174666666666667
0.8196833333333333
0.8181666666666667
0.8170333333333333
0.8183333333333334
0.81695
0.8192666666666667
0.81845
0.8178833333333333
0.8170333333333333
0.82055
0.8179166666666666
0.82105
0.8203
0.8191
0.8176333333333333
0.82095
0.8195333333333333
0.819
0.8222333333333334
0.81875
0.82
0.8195666666666667
0.81725
0.8189166666666666
0.8181666666666667
0.8201
0.82
0.81995
0.81735
0.8216166666666667
0.8184666666666667
0.81905
0.8191
0.8171333333333334
0.8194333333333333
0.8191166666666667
0.82025
0.8179
0.8186333333333333
0.8212166666666667
0.81755
0.8172333333333334
0.8206
0.8213
0.8199166666666666
0.82175
0.81935
0.8208666666666666
0.8193166666666667
0.82015
0.81945
0.8213833333333334
0.8215333333333333
0.82075
0.8227333333333333
0.8200166666666666
0.81775
0.8197
0.8190666666666667
0.8202166666666667
0.8205166666666667
0.82145
0.8200666666666667
0.8191666666666667
0.8188833333333333
0.8195833333333333
0.8187
0.8182666666666667
0.8201
0.8218166666666666
0.8180833333333334
0.8187833333333333
0.8230333333333333
0.8203
0.8203
0.8188
0.8194666666666667
0.8205166666666667
0.8203333333333334
0.8186666666666667
0.8172333333333334
0.8201333333333334
0.81905
0.8173
0.8225333333333333
0.82095
0.8212666666666667
0.8235833333333333
0.8173
0.8205333333333333
0.818
0.8211333333333334
0.8209333333333333
0.8208833333333333
0.8227333333333333
0.8180166666666666
0.8192
0.8213333333333334
0.8207333333333333
0.8198666666666666
0.8213166666666667
0.81995
0.8187833333333333
0.8190666666666667
0.819
0.8202
0.8220166666666666
0.8199333333333333
0.82105
0.8232833333333334
0.8200833333333334
0.8225166666666667
0.8197166666666666
0.8215166666666667
0.8207333333333333
0.821
0.8220166666666666
0.82345
0.81945
0.82145
0.8188666666666666
0.8191666666666667
0.8207833333333333
0.8212666666666667
0.8197666666666666
0.8222
0.8205833333333333
0.8201833333333334
0.8204666666666667
0.82265
0.82085
0.8199833333333333
0.8201333333333334
0.8233666666666667
0.82025
0.8208666666666666
0.8183
0.8223333333333334
0.8197666666666666
0.82305
0.8198
0.8205166666666667
0.8194666666666667
0.8198166666666666
0.8210666666666666
0.82075
0.8199
0.81775
