0.5310421285629272
0.61746454149882
0.6194148145675659
0.6219434707641601
0.6479722929636638
0.6579514789581299
0.662995203781128
0.6648291100819905
0.6683823462168376
0.6699495301564534
0.6724820256551107
0.6768933361053466
0.6780281851450602
0.6850261628468831
0.6834666667938233
0.6891517767588298
0.6892586613972982
0.6911929224650065
0.6954864565531412
0.6977830151875813
0.6996058971405029
0.70019688428243
0.7016831336975098
0.7053418477376302
0.707809868367513
0.7087715422312418
0.7094773881276448
0.7130092296600342
0.7127364252726237
0.712578172047933
0.7118531030019124
0.7148743989308675
0.7153705754597982
0.7129888777414958
0.7158671892801921
0.7176030038197835
0.716472520573934
0.7193496918996175
0.7188995763142904
0.7194026870727539
0.7215874935150146
0.7183338113149007
0.7178794592539469
0.7195701527913412
0.7205370240529378
0.7228216318766276
0.7222468917846679
0.7238260823567708
0.7225798933664958
0.722817807006836
0.7227138047536215
0.7225799193064372
0.7232715616861979
0.7228484542846679
0.724660268274943
0.725376605351766
0.7251408705393473
0.7271051564534505
0.723931090037028
0.72695987256368
0.7251189777374267
0.7269164302825928
0.72741360689799
0.7256606524149577
0.7267322479248047
0.7271480941772461
0.7264337219238282
0.7262273545583089
0.7268304641723633
0.7269673435211181
0.7270210840861002
0.7278647469838461
0.727010603459676
0.7287885030110677
0.7264509895324707
0.7269495358784993
0.7273492577870687
0.7276032432556152
0.7274376817067464
0.727872434870402
0.7286353185017904
0.7279169443766276
0.7290343818664551
0.7295630671183269
0.7283365984598795
0.7292435830434163
0.7275539924621582
0.7290050439198812
0.7283584714253744
0.729865446472168
0.7278407782236735
0.7306216175079345
0.7279103425343831
0.7289943064371744
0.7296013401031494
0.7278874195098877
0.7300335121154785
0.7280189874013265
0.7297949429829915
0.7275836039225261
0.7268046657562256
0.730112838490804
0.7290895741780599
0.728247303644816
0.7298690544128418
0.7293249974568685
0.7284733567555746
0.7279797027587891
0.7282856197357178
0.7270431953430175
0.7266728594462076
0.7275320406595865
0.7283882647196451
0.7266182963053386
0.7269665061950683
0.7265061985015869
0.7275551261901856
0.7280733538309733
0.728061263402303
0.7270844793955485
0.7274581715901692
0.7278179785410563
0.725726130549113
0.7266546989440918
0.7281043310801188
0.726533256149292
0.7261751862843832
0.7277486532847086
0.7275968827565511
0.7280935704549154
0.7279569422403971
0.7283635583241781
0.7268596693674724
0.7258739212036133
0.7267336640675862
0.7240634649912516
0.72800491549174
0.7260233428955079
0.7270018951416015
0.7277662445068359
0.7253447399139404
0.7264640449523926
0.7278820336659749
0.7272444341023763
0.7274638224283854
0.7284000094095866
0.7264213616689046
0.728155783589681
0.7285580615997315
0.7281765884399414
0.7269442497253418
0.7248939305623372
0.7270125778198242
0.7267335052490235
0.7281669656117757
0.7254673721313477
0.7268237539927165
0.7252988538106283
0.7257764865875244
0.7264147822062175
0.7263178769429525
0.7258061443328857
0.7253619750976562
0.7252246940612793
0.724952696609497
0.725421834564209
0.7246947157541911
0.7265157447814942
0.7262130441029867
0.7244501083374023
0.7258060199737549
0.7263963246663412
0.723184183883667
0.7259731656392415
0.72538545850118
0.7258916280110677
0.7244378328959147
0.7261883490244547
0.7254623566945394
0.7257333161671956
0.7258243576049804
0.7255686327616374
0.7260258441925049
0.7246095681508382
0.7250853092193603
0.725632544708252
0.7254556357065837
0.7269809960683187
0.7254691080729166
0.7268580614725749
0.7252439464569091
0.7255572360992432
0.7247340999603271
0.7243100111643473
0.7260938465118408
0.7248366230010986
0.724991347249349
0.7248709552764893
0.724951170349121
0.7243739373524983
0.7262090888977051
0.7267723087310791
0.7261585104624431
0.7255693893432618
0.7266789503733317
0.7251347036997478
0.7260240517934163
0.724838573328654
0.7251539080301921
0.7258413146972656
0.726340049235026
0.7261099613189698
0.7245845460255941
0.7253417245229086
0.7255124114990235
0.725937925084432
0.7247134127298991
0.7254137851715088
0.7243106767018636
0.7246920992533366
0.7258208105723063
0.7263148385365804
0.7254161347707113
0.7243557181040446
0.7248462051391602
0.7248448571523031
0.7254476594289144
0.7241294951121012
0.7247151178995769
0.724568743387858
0.7246751438140869
0.7250636353810628
0.7250141563415528
0.7246538524627686
0.7235178771972657
0.7257403804779052
0.7253643280029297
0.7255401573181153
0.7239669329325358
0.7252523937225341
0.7260727661132812
0.7243789953867594
0.7248953690846761
0.7250264324188233
0.7250248765309651
0.7246403099060058
0.7252217928568522
0.724342276763916
0.7238167762756348
0.7237850936889648
0.7241513575236003
0.7240485177357991
0.7250743663787842
0.7225746036529541
0.7247783527374267
0.7253946242014567
0.7235805843353271
0.7250278785705566
0.7243491554260254
0.7227686614990234
0.7231582464853923
0.7248846389770508
0.7240230464935302
0.725371687189738
0.7244031489054362
0.7253560869852702
0.723810366566976
0.7236656609853108
0.7248667930603028
0.7249424187978109
0.7249935783386231
0.724239779663086
0.723113009262085
0.7232212153116861
0.7250114223480225
0.7238748574574788
0.7234702513376872
0.7226828327178955
0.7225890565236409
0.7240020609537761
0.7229554503122966
0.7241026934305826
0.7245665564219157
0.7242744269053141
0.7249850051879883
0.7244327742258708
0.723117580540975
0.7227378835042317
0.723482442855835
0.7223395038604736
0.7229002405802409
0.7243193051656087
0.7232356280008951
0.7241592852274576
0.723202174504598
0.7225669631958008
0.7224661432902019
0.7230030934651692
0.7216831066131592
0.7225252811431885
0.7231029379526774
0.7227648240407308
0.7220765958150228
0.721367211151123
0.7231288166046143
0.7228977653503418
0.7226194227854411
0.7207311378479004
0.721067068862915
0.7239120300292968
0.723261740620931
0.7228909299214681
0.7226990400950114
0.7225507465362548
0.7227763409932454
0.7209642885843913
0.7207707247416179
0.722409047571818
0.7217759844462077
0.7211887007395427
0.7203559585571289
0.7221134886423747
0.7238363169352213
0.7217135320027669
0.7220573134104411
0.7210130953470866
0.7234100378672282
0.7216551418304443
0.7217168206532796
0.7210847981770834
0.7205723075866699
0.7212106886545817
0.7205344278971354
0.7205891551971435
0.7217816861470541
0.719552556737264
0.720879181543986
0.7206142327626546
0.7201857930501302
0.7221840788523356
0.7210249927520752
0.7209669611612955
0.7202729520161947
0.7214220494588216
0.7213948794047038
0.7208948515574137
0.7207470623016358
0.7199756013234456
0.7205731820424398
0.720235131708781
0.7192084981282552
0.7218115388234456
0.7195509094238282
0.7202054553985596
0.7194792171478271
0.7202540891011556
0.7198694718678792
0.7213581007639567
0.7191915607452393
0.7205557652791341
0.7227647902170817
0.7203646841684977
0.7200308888753255
0.7194876873016357
0.7201671639760335
0.7188647136688232
0.7189456363677978
0.7180701967875163
0.7208619511922201
0.7194590326944987
0.7200166458129883
0.7210312066396077
0.7199715737660726
0.7210527254740398
0.7185056699117025
0.721471428934733
0.718178011449178
0.7196844738006591
0.7204755504608155
0.7174312143961589
0.7184776841481527
0.7176527931213379
0.7205644011179606
0.7184224655151367
0.7193942977905273
0.7196105491638184
0.7177628723144531
0.7184268449147543
0.7196689492543539
0.7187280933380127
0.7187100098927816
0.7159893577575683
0.717746827061971
0.7171764403025309
0.7170005067189534
0.7175363142649333
0.7186757869720459
0.7188092718760173
0.7191974380493164
0.7180783916473389
0.7179412326812744
0.7195539076487223
0.7191303389231364
0.7168800689697266
0.7171367846171062
0.7187890143076578
0.719161401494344
0.7185404317220052
0.7179245657602946
0.7174906122843424
0.7184362265268962
0.7168830360412598
0.7176398810068766
0.7182786235809326
0.7166690985361736
0.7161983446756999
0.7164425132751465
0.718419113667806
0.717403039042155
0.7166146811167399
0.7177031328837077
0.7167195147196452
0.7178230489095052
0.7173575289408366
0.714845097096761
0.7169344843546549
0.7160757900238037
0.7157780025482178
0.7163031936645508
0.7164693583170573
0.7176652069091797
0.7173304831186931
0.7171751396179199
0.7159234522501627
0.716793533706665
0.7161127619425456
0.7171601491292318
0.7161092147827148
0.7156826853434245
0.7145445803324382
0.7165533959706625
0.7166727053324381
0.7154818775177002
0.7147959609985352
0.7156404249827067
0.7159009423573812
0.7157457415262858
0.715790306854248
0.7164591059366862
0.7152673938751221
