0.417266973177592
0.23767235973676046
0.24825877014795938
0.26539683090845745
0.3054057538032532
0.33612381089528404
0.3543147174835205
0.3579225670496623
0.3698992706934611
0.37891405245463056
0.3845484154383341
0.3937830576578776
0.39409262402852374
0.41174692509969074
0.411609398206075
0.4207877539952596
0.4265811939239502
0.42774133682250975
0.44216470896402993
0.44361276817321776
0.4507813269933065
0.4492868085225423
0.45376638997395835
0.45712808106740316
0.46262914848327635
0.46483835595448814
0.46792488257090253
0.4745632807413737
0.4768046257654826
0.4740708799997965
0.47621354134877525
0.4807089109420776
0.4811379154841105
0.47894389603932697
0.4828463596343994
0.4857674322128296
0.48584074427286783
0.4909317409515381
0.4913786595026652
0.4907266207377116
0.4936646172205607
0.49003132356007895
0.4903619326909383
0.4933518488566081
0.49512585010528565
0.49700889434814455
0.49667122370402017
0.49981159795125324
0.49880561962127684
0.4985427038192749
0.4985520003636678
0.4990347277959188
0.5001543032964071
0.5004923030217489
0.5019517218907674
0.5028101801554362
0.5037310600916545
0.5056975457509358
0.502094075012207
0.5055026174545288
0.5056580990473429
0.5057830221811931
0.5081447003682454
0.5072372973124186
0.5078734435399374
0.5081546181360881
0.5069930016835531
0.5068936671574911
0.5089164669672648
0.5087124702453614
0.5100118798573812
0.5098388116200765
0.5101585863749186
0.5116108597437541
0.5114613005320231
0.5104450782775879
0.5096844703674316
0.5109946168899536
0.5121825039545695
0.5122340100606283
0.5136047236760457
0.5120395334243775
0.5148038784027099
0.5136156098683675
0.5128302211761475
0.5152118792215983
0.511741977183024
0.5142514364242554
0.5146456675847372
0.5172424178441366
0.5156847732543945
0.5165533877690633
0.5131411753336589
0.5171543788274129
0.5176193375905355
0.5150065085093181
0.5160513315200805
0.5147906772613525
0.5147336407343547
0.5141433821360271
0.5134670033772787
0.516736261622111
0.5157694778442383
0.5155170269012451
0.5158469868977864
0.5163870686848958
0.5144075696309408
0.5171832372029622
0.5156342401504517
0.5136439960479736
0.5141386698404948
0.5134007058461507
0.512853630510966
0.5124671047210694
0.5137895139694214
0.5125629616419475
0.5151783184051514
0.5157893746693929
0.51281080493927
0.5147685366948446
0.5127256121953329
0.5129446478525798
0.5106330071767171
0.5125959490458171
0.5137786531448364
0.514558251953125
0.5116749408721923
0.5134646643956502
0.5140080551783244
0.5133657271067301
0.5151241813659668
0.5148483922322591
0.5119877367019653
0.5132021723429362
0.5124711418151855
0.5095938309987386
0.5141635801315307
0.5130766991297404
0.5123466197967529
0.5133151912689209
0.5122490688959758
0.514560840288798
0.5145545364379883
0.5136592896143596
0.5135346766153971
0.5141223815917969
0.5100877799987793
0.5121730610529581
0.5138846984863281
0.513272513961792
0.5135483365376791
0.5094526805241902
0.5117671834945678
0.511512687365214
0.5155824951807658
0.5118217728932699
0.5139542346954346
0.5099057118733724
0.5111955146789551
0.513051533571879
0.5134130472819011
0.5100636648813883
0.5118444646199545
0.5111278614679973
0.5092875245412191
0.5085244600931803
0.5111927942276001
0.5103265842437744
0.5106419599533081
0.5095923227310181
0.5106653834660848
0.5107746580759684
0.5082581895828248
0.5092442008336385
0.5076446709950765
0.5085684876759847
0.5071535700480143
0.507909076499939
0.5091607993443807
0.5115183004379272
0.5086424459457397
0.5100325812021891
0.5112443010965984
0.505433516629537
0.5089947894414266
0.5063868443171183
0.5100376541773478
0.5087398685455322
0.5105713340123494
0.5092380250295003
0.5071142576853435
0.5086744398117066
0.5070664096196492
0.5066930384953817
0.5094648841222127
0.5074080551147461
0.5078152201970418
0.5065391469955445
0.5076303798675537
0.5059033521652222
0.510683857091268
0.509385322380066
0.5078546056747436
0.5068419218699137
0.5085146738052368
0.5072288485209148
0.5086938608169556
0.5075323648452759
0.5081462901433309
0.5085276084899902
0.5089676649093627
0.5100086833953857
0.5072904666264851
0.5087695066452026
0.5081097822189331
0.5106752370834351
0.5097101002375285
0.509164720916748
0.5077565600077312
0.5065470465977987
0.506947541364034
0.5087749109268188
0.5093342100779216
0.5067041684468587
0.5046659413655599
0.5073487611134847
0.506664803759257
0.5055601099650066
0.5079607472737631
0.505350138537089
0.5057233111063639
0.5061920562744141
0.5096540539423625
0.5069329977671305
0.505173897043864
0.5092059740066528
0.509500003115336
0.5061842151006063
0.503824496014913
0.5048642295837402
0.5069600879033407
0.5067859697341919
0.5048716321309408
0.5053829257965088
0.5076155534744262
0.5053936019897461
0.5072547613779704
0.506801451365153
0.5012933024724324
0.5049665599822998
0.5053407930374145
0.5012352107365926
0.5038087039311727
0.5040005126953125
0.5076030624389648
0.5039937870025635
0.5036192176183065
0.5049129088719686
0.5039594696680705
0.5024444065093994
0.5039961219787598
0.5031713021596272
0.504288233757019
0.5048671599070231
0.5040252351125082
0.504685376294454
0.5016174213409423
0.5012989800771077
0.5019482240041097
0.5060878995895386
0.5056916732788086
0.5046263584136963
0.5017514449437459
0.504279339281718
0.5040223087946574
0.5012875178019206
0.5032669827143351
0.5013919761657715
0.5011611860911052
0.5034065636952718
0.5018877300898235
0.5032131294250488
0.502259632619222
0.5037215305964152
0.5047802995681763
0.5018628348668417
0.5013933511098226
0.501846635055542
0.5031928270975748
0.4999873011906942
0.5015112721125284
0.5020665610631307
0.5028446657816569
0.5037905539830526
0.5008363536834717
0.49948576062520345
0.4994711431503296
0.5008803404490153
0.49895881570180256
0.49865020071665445
0.5022111476898193
0.5030545797983805
0.49827922395070395
0.5001346572240194
0.50061868019104
0.501580832862854
0.5018143636703492
0.4975991954167684
0.499260928662618
0.500334219678243
0.5015128870010376
0.5001101006189982
0.5018709197362264
0.4984349479675293
0.49910913550059
0.497687885538737
0.49711707070668537
0.4985245346705119
0.49758661759694417
0.4989787604649862
0.49521354541778567
0.4999165612538656
0.49975528246561685
0.49974063568115235
0.4991301195780436
0.4981752613067627
0.5004668534596761
0.4969070041020711
0.4971993719100952
0.49718960037231447
0.49823789660135903
0.4970239945729574
0.49615853233337404
0.49490223598480226
0.49664515012105304
0.49685994256337485
0.49497488129933676
0.4960160928726196
0.4969084639867147
0.4973836990992228
0.4987890917460124
0.49516406809488933
0.4970330609003703
0.4967621768315633
0.4950344867706299
0.49482723852793375
0.49670799973805746
0.493858730951945
0.49516748498280844
0.4963106995900472
0.4942289165496826
0.49535734850565594
0.49435415058135984
0.49492335516611735
0.49247423725128175
0.4944071144104004
0.4944442459106445
0.4962001862843831
0.4947859141031901
0.49430597286224365
0.4969393132527669
0.4962420342763265
0.494136297861735
0.4925075152079264
0.4946392012278239
0.4923242598215739
0.4931831262588501
0.4920987665176392
0.4943881177902222
0.49424524148305254
0.49468727486928304
0.4940295311609904
0.49579421869913737
0.49632114874521893
0.49083450622558594
0.49437594534556073
0.49289381809234617
0.4931014581044515
0.4927644289016724
0.49096643511454263
0.4938932043075562
0.4907887371699015
0.49422754859924317
0.4928744284947713
0.493379670270284
0.49314394658406574
0.4890114528656006
0.4919997230529785
0.4907779085159302
0.4911347224553426
0.4924827792485555
0.488543585840861
0.4913447313944499
0.48902841561635335
0.49086068483988443
0.4891043831507365
0.48928503456115724
0.49177550684611004
0.49252878386179605
0.48972558053334553
0.4892570891062419
0.4912757684071859
0.4899087731679281
0.4899072572072347
0.4897155783335368
0.49067561175028485
0.4919321990966797
0.48982329743703207
0.4897120168685913
0.48853168201446534
0.490838103167216
0.48760007158915203
0.4909584578196208
0.4891846804936727
0.48784014981587726
0.4873452472686768
0.485981024869283
0.4888450824101766
0.48829007523854573
0.48671863765716555
0.48944304231007896
0.48856550718943276
0.48991774158477785
0.48925090942382815
0.4870787195841471
0.4871552016576131
0.4873535753885905
0.482956809425354
0.4875458724975586
0.48672871856689454
0.48836077715555826
0.48854772961934406
0.48699923407236734
0.4865468583424886
0.48610984420776365
0.4852717706680298
0.4872340493520101
0.48692986075083416
0.48623747526804606
0.483069322458903
0.4872376988728841
0.48482820828755696
0.48584663429260255
0.4847536765416463
0.4865983611424764
0.4871548354466756
0.48555359032948814
0.4842024547576904
0.4857129593531291
0.4865074280420939
