2.1397231700897215
2.665138605753581
2.563482650756836
2.506183275349935
2.1734629297892254
1.9794080487569172
1.8708476760864259
1.8305917643229166
1.7822271097819011
1.731496179707845
1.6971909258524578
1.6498300669352213
1.624542588297526
1.5603745903015136
1.5589714447021485
1.5171704966227213
1.5086787719726562
1.5006057339986165
1.4525484062194824
1.4358882451375325
1.4090008796691895
1.404694310760498
1.3838469744364421
1.3631655395507813
1.345729500579834
1.3309569699605306
1.3210301005045573
1.2988133715311687
1.29230874710083
1.2936476076761882
1.297278542582194
1.2763303810119628
1.2703550018310548
1.2719968147277831
1.262629358927409
1.2473957695007325
1.258373107655843
1.2346575597127278
1.2280412279764812
1.2301811475118
1.2186698519388834
1.2271530265808106
1.2258503730773926
1.218468221028646
1.2132226198832194
1.2041218350728353
1.2053203519185385
1.1934940353393555
1.1982630312601725
1.195670351155599
1.192715050760905
1.1954342803955078
1.1904474314371745
1.1863919354756673
1.1818265584309895
1.1661031895955403
1.1716939394632975
1.1658055758158365
1.1686468457539876
1.1630676183064779
1.166881536356608
1.1582315856933594
1.1579551930745442
1.153153828684489
1.1530265716552734
1.1540666676839193
1.1517719924926757
1.16058386332194
1.1491198331197103
1.1517829600016276
1.1431269309997558
1.1464550615946452
1.1466327400207519
1.1392938201904297
1.1383651425679524
1.1457245946248373
1.1417458368937174
1.1346685104370118
1.1419403088887532
1.1378772102355956
1.1293346549987793
1.1402450269063313
1.1239025352478027
1.1254644200642903
1.1279082285563151
1.1245833094278972
1.129150695546468
1.1255645595550536
1.1214480478922526
1.1138056180318197
1.124786813100179
1.11776236521403
1.125268213144938
1.1160968154907227
1.112986087290446
1.1218907869974772
1.1123707220713297
1.119073720296224
1.115647123082479
1.119212804921468
1.122293415959676
1.1096483787536622
1.1121320587158203
1.11300239016215
1.1181448347727458
1.1111795909881592
1.1195285794576009
1.1124011123657227
1.1160004399617514
1.1178972628275554
1.1237413139343262
1.1247917165120442
1.117976649093628
1.1266656776428223
1.115597403717041
1.1237454611460367
1.1137376478830974
1.1144570397694906
1.1215900084177652
1.1165951745351155
1.1221926027933757
1.115447630818685
1.1307592127482096
1.1216172969818115
1.1178210716247559
1.1166068054199219
1.1285400829315186
1.118037759399414
1.1138543031056722
1.1204757049560548
1.1117865379333496
1.1102028391520182
1.1166075642903646
1.1219048835754395
1.1174404244740803
1.1304911649068197
1.1210739496866862
1.1179157473246257
1.114809549331665
1.1120540601094564
1.1212462036132813
1.1157710618336996
1.1131028963724772
1.1168794425964355
1.1174088925679524
1.111410530344645
1.1216040575663249
1.1184098391215007
1.107584511311849
1.113215934117635
1.1154774107615153
1.1273158610026042
1.1254536370595296
1.1211751110076904
1.1058144325256347
1.1192729359944662
1.118540324274699
1.1298428555806477
1.120276723353068
1.1178249192555745
1.1196111180623372
1.1158472194671631
1.1197069073994954
1.124615663909912
1.125171360015869
1.1306955107371013
1.1203484402974446
1.1235521434783935
1.120909847386678
1.1190126332600911
1.1195682983398438
1.122339507039388
1.1300728223164875
1.1231837209065756
1.1267679405212403
1.1258434921264648
1.1247534942626953
1.1207050903320313
1.1187879229227702
1.1182415882110597
1.1254288337707519
1.1216884541829426
1.1230400227864583
1.1354348642985026
1.1242731722513835
1.1261964998881022
1.114650964609782
1.1281166341145834
1.1190061140696208
1.122562080891927
1.1223665590922038
1.121648203786214
1.1273638092041016
1.1303266555786133
1.1258730978647868
1.1235924711863199
1.1235456631978353
1.120200735092163
1.1270465244293213
1.127674301147461
1.1186805692036947
1.1134378194173178
1.1252509666442871
1.1242632799784342
1.1255355242411296
1.1284819897969565
1.1224441683451334
1.1303796181996664
1.1255271781921388
1.1199554992675782
1.1208530373891195
1.116931575012207
1.1279516677856445
1.12093012008667
1.1225053016662598
1.1166414485931397
1.1221537853240966
1.125340207417806
1.1285470593770346
1.1278953976949055
1.1211373659769694
1.1173920374552408
1.1257359245300294
1.1299901110331216
1.1379805335998534
1.1266816722869872
1.1331877362569174
1.1325706436157226
1.1254921414693198
1.1283772665659586
1.132569088490804
1.1327110850016275
1.1224238562266031
1.129862415822347
1.1375780623118084
1.1213548160552977
1.1218018450419107
1.1248785168965658
1.1306039698282877
1.1287949381510416
1.130471196492513
1.1293688153584798
1.1334533345540365
1.1312511507670084
1.120631564585368
1.1286692017873128
1.1199705090840657
1.1246512049357096
1.1450277516682943
1.136254418182373
1.1297934076944987
1.136282830174764
1.127676163228353
1.1344533683776856
1.1226144514719645
1.1339150263468425
1.137205434036255
1.1360829513549804
1.14124845606486
1.139119729614258
1.1380432223002115
1.1361857681274414
1.136279993947347
1.1347610677083333
1.1307680533091227
1.1285196950276692
1.1413449765523276
1.1427936564127603
1.1415897923787435
1.126376637395223
1.1296686851501465
1.126632858022054
1.1413652389526368
1.132663951365153
1.1313611516316733
1.1373857248942056
1.1402976127624511
1.1495621452331544
1.1444227312723796
1.1355843920389812
1.1476442933400473
1.1368556688944498
1.1418025632222493
1.137411195373535
1.1345011403401692
1.1347025807698568
1.146227965037028
1.1438883087158203
1.1369036699930828
1.153574649810791
1.1476895467122397
1.144551247660319
1.1406753681182862
1.132139875793457
1.1487433631896973
1.1552763229370118
1.149337042236328
1.1465746121724447
1.1495798566182454
1.1574765860239664
1.1429170221964517
1.1435047921498616
1.14642845993042
1.1435144719441732
1.1506517183939615
1.1433753941853841
1.1411995093027751
1.1568437856038412
1.1570918230692546
1.1438796269734701
1.1443532796223959
1.1437980613708496
1.1418169815063477
1.149135366566976
1.1481633984883626
1.158477042388916
1.1668254224141439
1.150122306950887
1.1526771204630535
1.1504517346700032
1.1659951774597168
1.1524622983296713
1.1527133611043294
1.1524613283793133
1.1532794362386067
1.151092936706543
1.1400130004882814
1.1556348230997722
1.1568178337097168
1.1633552238464355
1.1560267100016277
1.1600840380350748
1.1628517997741699
1.1630976565043132
1.1673004486083984
1.15712103322347
1.1631365020751954
1.1584424306233725
1.1570120948791505
1.1611733395894368
1.153153968556722
1.1582959190368651
1.1640764038085938
1.1566861287434895
1.1621526766459147
1.1608295094807943
1.1585218508402506
1.1723273412068684
1.157118139139811
1.164478753153483
1.1719351333618164
1.1648016512552897
1.1688172790527345
1.16346170018514
1.1674989807128906
1.1695145718892415
1.166377326711019
1.161357930246989
1.1676129923502605
1.1675240514119467
1.1563438891092936
1.1605098861694336
1.168078613026937
1.1737944224039714
1.1744409642537434
1.1843306971232097
1.1745039744059245
1.1764589452107748
1.168488848368327
1.174720832570394
1.1706632235209147
1.1744300791422526
1.1650188906351726
1.1708338401794434
1.174998802947998
1.1732709584554037
1.1829069714864096
1.1738794591267903
1.176069379679362
1.1808323651631674
1.1717587562561036
1.1824889287312825
1.1654663762410482
1.175424277496338
1.1730857355753581
1.1839430592854818
1.1883615247090658
1.1799891769409179
1.1771636253356934
1.17237003809611
1.180515754445394
1.1939368120829263
1.1785543528238933
1.190348430887858
1.1845349230448405
1.1880547350565593
1.1850100456237793
1.1770400464375814
1.1787834465026856
1.189139961751302
1.1800091250101725
1.1819988695780437
1.185436070505778
1.1859993133544922
1.1828412618001303
1.1834718818664551
1.1766988527933757
1.183406202952067
1.1874971539815267
1.1907128087361654
1.1805215939839682
1.1927801528930664
1.1860795405069986
1.186518886311849
1.192163984934489
1.1994677174886068
1.19974334081014
1.1916797487894695
1.1904356557210287
1.1959683217366537
1.1935637697855632
1.195848740641276
1.1870323778788248
1.18922351659139
1.2012792638142904
1.1925021420796713
1.199361937713623
1.2112234697977702
1.1937317471822102
1.1992613324483237
1.1906521072387695
1.1873100405375163
1.19857759958903
1.1962539764404296
1.1998631932576498
1.1970776176452638
1.1958917620340983
1.2008757909138998
1.2031127718607584
1.205079358927409
1.197500399017334
1.2105262870788573
1.2030115412394207
1.2042663210550943
1.2006881607055664
1.2001732714335123
1.2002394849141438
1.2086496981302897
1.2071491907755534
1.2085293113708495
